1.000000	3.000000	69957176.000000	52.586558	1.375277	27.401120	517.951993	0.082653	0.005689	0.162556	10319.688858
1.000000	4.000000	70056944.000000	50.154176	1.002934	29.395802	1600.386007	0.225526	0.148855	0.048150	10234.050047
1.000000	1.000000	69757523.000000	58.600726	0.902557	26.270546	1238.291037	0.195731	0.176394	0.038512	10230.691692
1.000000	5.000000	70157176.000000	20.540864	1.449349	34.561632	374.325849	0.026489	0.173365	0.024001	10192.517422
1.000000	2.000000	69857870.000000	24.042471	1.560276	41.650014	816.307211	0.058861	0.159970	0.071233	10212.527884
1.000000	6.000000	70257176.000000	25.085825	0.964044	31.015940	120.755753	0.019659	0.012675	0.065667	10306.959570
1.000000	18.000000	98236690.000000	31.359456	1.310510	37.734603	1375.663792	0.177578	0.097170	0.065100	10234.508084
1.000000	22.000000	38699190.000000	25.970551	1.435707	36.725680	2275.311403	0.308253	0.062387	0.100096	10248.618480
1.000000	10.000000	61184375.000000	30.248010	1.335127	37.712179	1017.915832	0.110093	0.145674	0.046668	10230.627689
1.000000	26.000000	18397338.000000	0.000050	1.818056	27.229233	1697.581534	0.575530	0.010823	0.069580	10241.639644
1.000000	14.000000	19550348.000000	42.776951	1.374018	31.294056	760.220681	0.121515	0.040176	0.106523	10285.916710
1.000000	30.000000	25303588.000000	48.354773	1.218439	33.647504	1104.635082	0.143044	0.088379	0.110149	10260.032685
1.000000	21.000000	48995371.000000	0.000229	1.774878	37.742538	247.933594	0.014851	0.101530	0.031509	10131.064859
1.000000	17.000000	92067014.000000	7.621645	1.711362	38.962405	413.815956	0.039242	0.121832	0.031763	10170.492544
1.000000	13.000000	41368172.000000	0.000000	1.732700	33.688851	413.232144	0.114944	0.001785	0.081345	10240.960256
1.000000	29.000000	44544676.000000	32.723248	1.446374	35.378868	2538.545820	0.357956	0.061106	0.121191	10254.306904
1.000000	25.000000	31900463.000000	2.108628	1.701744	28.071480	517.865248	0.150084	0.069676	0.027464	10202.223536
1.000000	9.000000	99773959.000000	32.037850	1.249921	34.184569	1164.576915	0.170087	0.115886	0.030648	10233.760630
1.000000	20.000000	61884028.000000	28.929764	1.431793	39.135610	1343.951317	0.162714	0.103919	0.077057	10236.216105
1.000000	16.000000	17343866.000000	19.650275	1.803085	40.645791	655.207215	0.032904	0.186402	0.078670	10208.160013
1.000000	12.000000	24660995.000000	43.194437	1.045216	29.985520	2089.364703	0.310772	0.139218	0.029199	10229.273767
1.000000	24.000000	67244560.000000	17.930603	1.809839	41.153564	694.593750	0.042064	0.198307	0.055928	10200.399442
1.000000	28.000000	89100926.000000	35.318350	1.334532	35.607408	1877.790446	0.252310	0.086077	0.092120	10245.948979
1.000000	8.000000	109572454.000000	10.962107	1.360184	28.619853	163.493086	0.004834	0.110647	0.030967	10164.816369
1.000000	15.000000	12020602.000000	0.000007	2.965135	40.106947	381.568081	0.021182	0.075362	0.188531	10179.001743
1.000000	19.000000	34580092.000000	0.329741	1.745694	37.557683	457.258540	0.054677	0.141490	0.001000	10147.686503
1.000000	11.000000	53680092.000000	67.384701	1.599489	21.512603	1493.583466	0.213258	0.673591	0.326539	10238.516088
1.000000	27.000000	38426389.000000	13.771434	1.434727	34.325488	358.558799	0.027830	0.160872	0.001269	10178.474015
1.000000	32.000000	48173263.000000	0.007539	2.224478	42.821418	783.811085	0.083003	0.093711	0.102029	10171.891967
1.000000	7.000000	82419560.000000	25.554572	1.499961	35.440592	990.961494	0.110255	0.220516	0.012316	10230.689724
1.000000	23.000000	94443287.000000	41.677464	1.094604	26.306683	509.310137	0.065268	0.200526	0.004917	10244.167106
1.000000	40.000000	44293287.000000	0.037914	2.323903	49.597728	837.884858	0.056974	0.140742	0.092095	10177.521883
1.000000	34.000000	27852315.000000	40.312873	1.381158	36.722684	793.244468	0.091200	0.088729	0.116452	10256.840211
1.000000	31.000000	102967477.000000	32.071616	1.407622	31.023571	1918.311878	0.372399	0.001197	0.086246	10281.058563
1.000000	36.000000	77824421.000000	34.449289	1.298843	35.638407	2309.554942	0.325763	0.071544	0.093362	10247.525830
1.000000	42.000000	98976736.000000	38.236577	1.251158	35.785894	1174.710173	0.143141	0.119316	0.068216	10242.543790
1.000000	38.000000	55369213.000000	26.564485	1.370829	40.531722	998.883377	0.109984	0.131027	0.049187	10227.083984
1.000000	39.000000	31707639.000000	23.366089	1.349023	31.728516	1487.781250	0.322909	0.109511	0.002115	10241.919023
1.000000	33.000000	47448611.000000	27.331845	1.624276	37.159046	544.689314	0.038739	0.140573	0.101651	10217.537553
1.000000	35.000000	71031366.000000	31.397404	1.651707	32.821466	458.834220	0.026911	0.190600	0.101099	10222.848083
1.000000	43.000000	75869791.000000	14.203660	1.289062	34.612612	146.010246	0.017209	0.002691	0.090241	10233.805837
1.000000	45.000000	36491088.000000	29.847266	1.399184	39.393500	1580.570076	0.198404	0.093882	0.086605	10242.900016
1.000000	41.000000	25514467.000000	26.524733	1.409610	40.871795	949.493632	0.096642	0.117277	0.065098	10229.380789
1.000000	37.000000	32698843.000000	18.089672	1.749611	41.981845	624.023782	0.042706	0.138677	0.083154	10198.991842
1.000000	44.000000	93133912.000000	45.479272	1.137264	31.816051	1043.518947	0.128342	0.165921	0.056740	10241.308188
1.000000	46.000000	28430208.000000	39.186112	1.172234	32.453041	874.086660	0.104443	0.150920	0.037073	10235.844547
1.000000	47.000000	51537616.000000	28.022989	1.204649	32.110737	434.471207	0.043304	0.172689	0.003960	10211.079075
1.000000	48.000000	50361921.000000	0.078564	1.710276	41.956592	1186.165725	0.180959	0.120263	0.023204	10186.935945
